64,192,32900;
192,192,32928;
320,192,32957;
448,192,32986;
64,192,33015;
192,192,33044;
320,192,33073;
448,192,33101;
64,192,33130;
192,192,33159;
320,192,33188;
192,192,33254;
64,192,33254;
448,192,33254;
320,192,33484;
448,192,33484;
64,192,33484;
192,192,33715;
448,192,33715;
320,192,33715;
320,192,33830;
448,192,33830;
64,192,33830;
448,192,34061;
192,192,34061;
64,192,34061;
320,192,34292;
192,192,34292;
64,192,34292;
320,192,34523;
448,192,34523;
64,192,34523;
192,192,34638;
448,192,34638;
192,192,34754;
64,192,34754;
320,192,34754;
320,192,34869;
64,192,34869;
320,192,35100;
448,192,35100;
192,192,35100;
192,192,35330;
64,192,35330;
448,192,35330;
320,192,35561;
64,192,35561;
192,192,35561;
192,192,35677;
64,192,35677;
448,192,35677;
64,192,35907;
320,192,35907;
448,192,35907;
320,192,36138;
192,192,36138;
448,192,36138;
192,192,36369;
64,192,36369;
320,192,36427;
448,192,36427;
192,192,36484;
64,192,36484;
64,192,36600;
448,192,36600;
320,192,36600;
320,192,36715;
192,192,36715;
448,192,36715;
64,192,36946;
448,192,36946;
320,192,36946;
192,192,37061;
64,192,37061;
64,192,37177;
192,192,37177;
320,192,37177;
448,192,37292;
192,192,37292;
320,192,37407;
448,192,37407;
64,192,37407;
320,192,37523;
192,192,37523;
192,192,37638;
64,192,37638;
448,192,37638;
64,192,37754;
320,192,37754;
192,192,37869;
320,192,37869;
448,192,37869;
192,192,37984;
448,192,37984;
320,192,38100;
192,192,38100;
64,192,38100;
448,192,38215;
64,192,38215;
192,192,38330;
320,192,38330;
448,192,38330;
64,192,38446;
320,192,38446;
192,192,38561;
448,192,38561;
64,192,38561;
64,192,38677;
192,192,38677;
320,192,38677;
320,192,38792;
448,192,38792;
64,192,38792;
192,192,38907;
320,192,38907;
448,192,38907;
192,192,39023;
448,192,39023;
64,192,39023;
64,192,39138;
320,192,39138;
448,192,39254;
192,192,39254;
64,192,39254;
192,192,39369;
320,192,39369;
64,192,39484;
448,192,39484;
320,192,39484;
192,192,39600;
448,192,39600;
320,192,39715;
448,192,39715;
192,192,39715;
64,192,39830;
320,192,39830;
64,192,39946;
192,192,39946;
448,192,39946;
192,192,40061;
448,192,40061;
64,192,40177;
320,192,40177;
448,192,40177;
192,192,40292;
320,192,40292;
192,192,40407;
64,192,40407;
448,192,40407;
64,192,40523;
448,192,40523;
192,192,40523;
320,192,40638;
448,192,40638;
64,192,40638;
192,192,40754;
320,192,40754;
192,192,40869;
64,192,40869;
448,192,40869;
64,192,40984;
320,192,40984;
192,192,41100;
320,192,41100;
64,192,41100;
448,192,41215;
192,192,41215;
320,192,41330;
64,192,41330;
448,192,41330;
192,192,41446;
320,192,41446;
448,192,41561;
192,192,41561;
64,192,41561;
192,192,41677;
320,192,41677;
320,192,41792;
448,192,41792;
64,192,41792;
448,192,41907;
192,192,41907;
64,192,42023;
192,192,42023;
320,192,42023;
448,192,42138;
64,192,42138;
320,192,42254;
448,192,42254;
192,192,42254;
192,192,42369;
320,192,42369;
448,192,42369;
448,192,42484;
64,192,42484;
320,192,42484;
64,192,42600;
192,192,42600;
320,192,42600;
192,192,42715;
64,192,42715;
448,192,42715;
64,192,42830;
320,192,42830;
192,192,42946;
320,192,42946;
448,192,42946;
192,192,43061;
448,192,43061;
192,192,43177;
64,192,43177;
320,192,43177;
192,192,43292;
64,192,43292;
320,192,43407;
448,192,43407;
64,192,43407;
320,192,43523;
448,192,43523;
192,192,43580;
64,192,43580;
320,192,43638;
448,192,43638;
192,192,43754;
64,192,43754;
448,192,43754;
320,192,43869;
192,192,43869;
64,192,43869;
320,192,43984;
448,192,43984;
64,192,43984;
192,192,44100;
64,192,44100;
448,192,44157;
320,192,44157;
192,192,44215;
64,192,44215;
320,192,44273;
448,192,44273;
192,192,44330;
64,192,44330;
448,192,44561;
320,192,44561;
64,192,44561;
320,192,44677;
192,192,44792;
64,192,44792;
192,192,44907;
448,192,45023;
64,192,45023;
320,192,45023;
448,192,45138;
64,192,45254;
192,192,45254;
192,192,45369;
320,192,45484;
448,192,45484;
192,192,45484;
448,192,45600;
320,192,45715;
192,192,45715;
64,192,45830;
192,192,45946;
448,192,45946;
64,192,45946;
320,192,46061;
448,192,46177;
320,192,46177;
64,192,46292;
64,192,46407;
320,192,46407;
192,192,46407;
448,192,46523;
320,192,46638;
448,192,46638;
64,192,46754;
192,192,46869;
320,192,46869;
64,192,46869;
192,192,46984;
448,192,47100;
320,192,47100;
448,192,47215;
64,192,47330;
320,192,47330;
192,192,47330;
192,192,47446;
64,192,47561;
192,192,47561;
64,192,47677;
320,192,47792;
448,192,47792;
192,192,47792;
320,192,47907;
448,192,47907;
64,192,47907;
64,192,48023;
320,192,48023;
448,192,48023;
192,192,48254;
64,192,48254;
320,192,48254;
64,192,48369;
192,192,48484;
320,192,48484;
192,192,48600;
320,192,48715;
448,192,48715;
64,192,48715;
320,192,48830;
192,192,48946;
448,192,48946;
448,192,49061;
320,192,49177;
448,192,49177;
64,192,49177;
192,192,49292;
192,192,49407;
64,192,49407;
64,192,49523;
192,192,49638;
320,192,49638;
448,192,49638;
320,192,49754;
64,192,49869;
448,192,49869;
192,192,49984;
192,192,50100;
64,192,50100;
320,192,50100;
448,192,50215;
448,192,50330;
64,192,50330;
320,192,50446;
64,192,50561;
192,192,50561;
448,192,50561;
320,192,50677;
192,192,50792;
320,192,50792;
192,192,50907;
320,192,50907;
64,192,51023;
448,192,51023;
64,192,51254;
448,192,51254;
64,192,51369;
448,192,51369;
64,192,51484;
448,192,51484;
192,192,51542;
320,192,51542;
64,192,51600;
448,192,51600;
320,192,51715;
192,192,51715;
64,192,51715;
448,192,51715;
448,192,51946;
64,192,51946;
320,192,51946;
192,192,52061;
192,192,52177;
64,192,52177;
320,192,52177;
320,192,52292;
448,192,52407;
64,192,52407;
320,192,52407;
448,192,52523;
64,192,52638;
192,192,52638;
448,192,52638;
192,192,52754;
320,192,52869;
448,192,52869;
64,192,52869;
320,192,52984;
192,192,53100;
64,192,53100;
448,192,53100;
192,192,53215;
320,192,53330;
192,192,53330;
64,192,53330;
320,192,53446;
448,192,53446;
64,192,53446;
448,192,53561;
320,192,53561;
192,192,53561;
64,192,53677;
64,192,53792;
320,192,53792;
192,192,53792;
448,192,53907;
320,192,54023;
448,192,54023;
192,192,54023;
64,192,54138;
192,192,54254;
320,192,54254;
64,192,54254;
192,192,54369;
448,192,54484;
320,192,54484;
64,192,54484;
448,192,54600;
64,192,54715;
448,192,54715;
192,192,54715;
320,192,54830;
192,192,54946;
64,192,54946;
320,192,54946;
64,192,55061;
64,192,55177;
448,192,55177;
320,192,55177;
192,192,55292;
320,192,55292;
448,192,55292;
320,192,55407;
448,192,55407;
192,192,55407;
64,192,55523;
192,192,55523;
448,192,55523;
64,192,55638;
192,192,55638;
320,192,55638;
64,192,55754;
192,192,55869;
320,192,55869;
448,192,55869;
192,192,55984;
320,192,56100;
64,192,56100;
448,192,56100;
448,192,56215;
320,192,56330;
64,192,56330;
192,192,56330;
192,192,56446;
320,192,56561;
448,192,56561;
64,192,56561;
320,192,56677;
64,192,56792;
448,192,56792;
192,192,56792;
64,192,56907;
192,192,57023;
448,192,57023;
320,192,57023;
192,192,57138;
320,192,57138;
448,192,57138;
320,192,57254;
448,192,57254;
64,192,57254;
64,192,57369;
64,192,57484;
192,192,57484;
320,192,57484;
320,192,57600;
64,192,57715;
192,192,57715;
448,192,57715;
192,192,57830;
192,192,57946;
320,192,57946;
448,192,57946;
448,192,58061;
320,192,58177;
448,192,58177;
64,192,58177;
320,192,58292;
192,192,58407;
64,192,58407;
320,192,58407;
64,192,58523;
64,192,58638;
192,192,58638;
448,192,58638;
192,192,58754;
192,192,58869;
320,192,58869;
448,192,58869;
320,192,58984;
448,192,58984;
64,192,58984;
192,192,59100;
64,192,59100;
448,192,59100;
448,192,59446;
320,192,59446;
192,192,59446;
64,192,59561;
192,192,59792;
64,192,59792;
64,192,60023;
448,192,60023;
448,192,60254;
320,192,60369;
192,192,60484;
64,192,60484;
448,192,60484;
320,192,60600;
64,192,60715;
192,192,60946;
64,192,60946;
320,192,60946;
192,192,61177;
64,192,61292;
320,192,61292;
448,192,61292;
192,192,61407;
320,192,61638;
448,192,61638;
192,192,61638;
64,192,61869;
192,192,61984;
320,192,62100;
448,192,62215;
64,192,62330;
192,192,62330;
320,192,62330;
192,192,62561;
64,192,62561;
448,192,62561;
320,192,62792;
448,192,62792;
64,192,62792;
192,192,63023;
192,192,63138;
64,192,63138;
320,192,63138;
448,192,63254;
320,192,63484;
448,192,63484;
64,192,63484;
192,192,63715;
64,192,63715;
320,192,63715;
64,192,64061;
64,192,64177;
448,192,64177;
320,192,64177;
320,192,64407;
448,192,64407;
192,192,64407;
448,192,64638;
192,192,64638;
64,192,64638;
320,192,64696;
192,192,64754;
64,192,64811;
448,192,64869;
320,192,64927;
192,192,64984;
64,192,64984;
448,192,64984;
320,192,65042;
192,192,65100;
448,192,65215;
320,192,65330;
64,192,65330;
192,192,65330;
192,192,65446;
320,192,65561;
448,192,65561;
64,192,65561;
192,192,65677;
448,192,65792;
320,192,65907;
64,192,65907;
192,192,66023;
64,192,66023;
448,192,66023;
320,192,66138;
448,192,66254;
320,192,66369;
64,192,66369;
192,192,66369;
192,192,66484;
448,192,66484;
64,192,66484;
192,192,66600;
320,192,66715;
448,192,66715;
64,192,66715;
320,192,66830;
64,192,66946;
192,192,66946;
448,192,66946;
64,192,67061;
64,192,67177;
320,192,67177;
448,192,67177;
192,192,67292;
192,192,67407;
64,192,67407;
448,192,67407;
320,192,67523;
320,192,67638;
448,192,67638;
192,192,67638;
64,192,67754;
192,192,67869;
320,192,67869;
64,192,67869;
192,192,67984;
64,192,67984;
448,192,67984;
320,192,68100;
448,192,68100;
192,192,68100;
64,192,68215;
320,192,68215;
448,192,68215;
192,192,68330;
448,192,68330;
64,192,68330;
192,192,68446;
192,192,68561;
320,192,68561;
448,192,68561;
320,192,68677;
320,192,68792;
448,192,68792;
64,192,68792;
64,192,68907;
64,192,69023;
192,192,69023;
320,192,69023;
192,192,69138;
448,192,69254;
320,192,69254;
64,192,69254;
320,192,69369;
64,192,69484;
448,192,69484;
192,192,69484;
448,192,69600;
192,192,69715;
320,192,69715;
448,192,69715;
192,192,69830;
320,192,69830;
64,192,69830;
64,192,69946;
192,192,69946;
448,192,69946;
64,192,70061;
320,192,70061;
448,192,70061;
448,192,70177;
64,192,70177;
320,192,70177;
192,192,70292;
320,192,70292;
192,192,70407;
448,192,70407;
64,192,70407;
320,192,70523;
64,192,70523;
320,192,70638;
448,192,70638;
192,192,70638;
320,192,70754;
448,192,70754;
192,192,70869;
448,192,70869;
64,192,70869;
320,192,70984;
64,192,70984;
192,192,71100;
64,192,71100;
320,192,71100;
192,192,71215;
448,192,71215;
320,192,71330;
448,192,71330;
64,192,71330;
448,192,71446;
320,192,71446;
192,192,71561;
320,192,71561;
64,192,71561;
192,192,71677;
64,192,71677;
64,192,71792;
320,192,71792;
448,192,71792;
192,192,71907;
320,192,71907;
192,192,72023;
64,192,72023;
448,192,72023;
320,192,72138;
64,192,72138;
192,192,72254;
320,192,72254;
448,192,72254;
448,192,72369;
192,192,72369;
320,192,72484;
448,192,72484;
192,192,72542;
64,192,72542;
320,192,72600;
448,192,72600;
192,192,72657;
64,192,72657;
320,192,72715;
448,192,72715;
192,192,72773;
64,192,72773;
320,192,72830;
448,192,72830;
192,192,72888;
64,192,72888;
320,192,72946;
448,192,72946;
192,192,73004;
64,192,73061;
448,192,73061;
320,192,73119;
64,192,73177;
192,192,73177;
64,192,73407;
192,192,73422;
320,192,73436;
448,192,73451;
448,192,73638;
320,192,73653;
192,192,73667;
64,192,73681;
192,192,73869;
64,192,73869;
448,192,73869;
320,192,73984;
64,192,73984;
192,192,74100;
448,192,74100;
320,192,74100;
192,192,74215;
448,192,74215;
192,192,74330;
320,192,74330;
64,192,74330;
320,192,74446;
64,192,74446;
320,192,74561;
448,192,74561;
64,192,74561;
192,192,74677;
448,192,74677;
192,192,74792;
320,192,74792;
64,192,74792;
192,192,74907;
64,192,74907;
320,192,75023;
448,192,75023;
64,192,75023;
320,192,75138;
448,192,75138;
192,192,75254;
448,192,75254;
64,192,75254;
320,192,75369;
448,192,75369;
64,192,75484;
192,192,75484;
320,192,75484;
192,192,75600;
64,192,75600;
320,192,75600;
192,192,75715;
64,192,75715;
448,192,75715;
320,192,75830;
448,192,75830;
192,192,75830;
320,192,75946;
448,192,75946;
64,192,75946;
448,192,76061;
320,192,76061;
192,192,76177;
64,192,76177;
320,192,76177;
64,192,76292;
192,192,76292;
320,192,76407;
448,192,76407;
64,192,76407;
192,192,76523;
448,192,76523;
320,192,76638;
448,192,76638;
192,192,76638;
320,192,76754;
64,192,76754;
64,192,76869;
192,192,76869;
320,192,76869;
192,192,76984;
448,192,76984;
320,192,77100;
448,192,77100;
192,192,77100;
320,192,77215;
448,192,77215;
64,192,77215;
192,192,77330;
64,192,77330;
320,192,77330;
192,192,77446;
64,192,77446;
320,192,77561;
448,192,77561;
192,192,77561;
320,192,77677;
448,192,77677;
192,192,77792;
64,192,77792;
448,192,77792;
192,192,77907;
64,192,77907;
64,192,78023;
192,192,78023;
320,192,78023;
448,192,78138;
192,192,78138;
64,192,78254;
320,192,78254;
448,192,78254;
192,192,78369;
320,192,78369;
192,192,78484;
448,192,78484;
64,192,78484;
64,192,78600;
320,192,78600;
192,192,78715;
320,192,78715;
64,192,78715;
192,192,78830;
448,192,78830;
448,192,78946;
64,192,78946;
320,192,78946;
320,192,79061;
448,192,79061;
320,192,79177;
448,192,79177;
64,192,79177;
192,192,79292;
64,192,79292;
320,192,79292;
64,192,79407;
192,192,79407;
448,192,79407;
192,192,79523;
320,192,79523;
320,192,79638;
448,192,79638;
64,192,79638;
64,192,79754;
448,192,79754;
64,192,79869;
448,192,79869;
320,192,79869;
64,192,79984;
192,192,79984;
192,192,80100;
448,192,80100;
64,192,80100;
192,192,80215;
320,192,80215;
320,192,80330;
448,192,80330;
64,192,80330;
448,192,80446;
320,192,80446;
192,192,80561;
64,192,80561;
448,192,80561;
64,192,80677;
320,192,80677;
192,192,80792;
64,192,80792;
320,192,80792;
192,192,80907;
448,192,80907;
320,192,81023;
448,192,81023;
192,192,81080;
64,192,81080;
320,192,81138;
448,192,81138;
192,192,81196;
64,192,81196;
320,192,81254;
448,192,81254;
192,192,81369;
448,192,81369;
192,192,81484;
64,192,81484;
320,192,81484;
192,192,81600;
64,192,81600;
64,192,81715;
448,192,81715;
320,192,81715;
192,192,81830;
320,192,81830;
192,192,81946;
64,192,81946;
448,192,81946;
64,192,82061;
320,192,82061;
320,192,82177;
448,192,82177;
192,192,82177;
448,192,82292;
320,192,82292;
448,192,82407;
64,192,82407;
192,192,82407;
192,192,82523;
320,192,82523;
320,192,82638;
448,192,82638;
64,192,82638;
192,192,82754;
64,192,82754;
64,192,82869;
192,192,82869;
448,192,82869;
320,192,82984;
448,192,82984;
192,192,82984;
64,192,83100;
320,192,83100;
448,192,83100;
64,192,83215;
320,192,83215;
448,192,83215;
192,192,83330;
64,192,83330;
320,192,83330;
192,192,83446;
448,192,83446;
192,192,83561;
320,192,83561;
448,192,83561;
320,192,83677;
64,192,83677;
64,192,83792;
192,192,83792;
448,192,83792;
320,192,83907;
448,192,83907;
320,192,84023;
448,192,84023;
64,192,84023;
192,192,84138;
320,192,84138;
192,192,84254;
64,192,84254;
448,192,84254;
64,192,84369;
192,192,84369;
64,192,84484;
320,192,84484;
448,192,84484;
192,192,84600;
448,192,84600;
320,192,84600;
320,192,84715;
448,192,84715;
192,192,84715;
448,192,84830;
64,192,84830;
64,192,84946;
192,192,84946;
320,192,84946;
448,192,84946;
192,192,85061;
192,192,85177;
320,192,85177;
448,192,85177;
64,192,85177;
448,192,85292;
192,192,85407;
320,192,85407;
448,192,85407;
64,192,85407;
320,192,85523;
192,192,85638;
320,192,85638;
448,192,85638;
64,192,85638;
64,192,85754;
64,192,85869;
192,192,85869;
320,192,85869;
448,192,85869;
192,192,85984;
192,192,86100;
320,192,86100;
448,192,86100;
64,192,86100;
448,192,86215;
320,192,86330;
448,192,86330;
192,192,86330;
64,192,86330;
320,192,86446;
192,192,86561;
64,192,86561;
448,192,86561;
64,192,86677;
192,192,86677;
448,192,86677;
320,192,86792;
448,192,86792;
64,192,86792;
192,192,86907;
320,192,86907;
448,192,86907;
320,192,87023;
192,192,87023;
64,192,87023;
64,192,87138;
192,192,87138;
448,192,87138;
192,192,87254;
64,192,87254;
320,192,87254;
64,192,87369;
320,192,87369;
448,192,87369;
320,192,87484;
448,192,87484;
192,192,87484;
320,192,87600;
448,192,87600;
192,192,87600;
448,192,87715;
320,192,87715;
64,192,87773;
192,192,87773;
320,192,87830;
448,192,87830;
192,192,87946;
64,192,87946;
448,192,87946;
64,192,88061;
192,192,88061;
320,192,88061;
448,192,88177;
320,192,88177;
192,192,88234;
64,192,88234;
448,192,88292;
320,192,88292;
192,192,88407;
64,192,88407;
320,192,88465;
448,192,88465;
192,192,88523;
64,192,88523;
320,192,88580;
448,192,88580;
64,192,88638;
192,192,88638;
64,192,88754;
320,192,88754;
448,192,88869;
320,192,88869;
192,192,88869;
320,192,88984;
448,192,88984;
192,192,89100;
64,192,89100;
448,192,89100;
192,192,89215;
320,192,89215;
320,192,89330;
448,192,89330;
64,192,89330;
448,192,89446;
192,192,89446;
320,192,89561;
192,192,89561;
64,192,89561;
320,192,89677;
64,192,89677;
192,192,89792;
320,192,89792;
448,192,89792;
64,192,89907;
448,192,89907;
320,192,90023;
192,192,90023;
64,192,90023;
448,192,90138;
192,192,90138;
320,192,90254;
64,192,90254;
448,192,90254;
448,192,90369;
320,192,90369;
192,192,90369;
192,192,90484;
64,192,90484;
448,192,90484;
320,192,90600;
192,192,90600;
64,192,90600;
320,192,90715;
64,192,90715;
448,192,90715;
448,192,90830;
192,192,90830;
64,192,90946;
320,192,90946;
448,192,90946;
320,192,91061;
192,192,91061;
448,192,91177;
64,192,91177;
192,192,91177;
320,192,91292;
64,192,91292;
192,192,91407;
64,192,91407;
320,192,91407;
448,192,91523;
192,192,91523;
448,192,91638;
320,192,91638;
64,192,91638;
192,192,91754;
64,192,91754;
448,192,91869;
192,192,91869;
64,192,91869;
320,192,91984;
192,192,91984;
320,192,92100;
448,192,92100;
64,192,92100;
448,192,92215;
64,192,92215;
320,192,92215;
192,192,92330;
64,192,92330;
448,192,92330;
320,192,92446;
448,192,92446;
320,192,92561;
64,192,92561;
192,192,92561;
192,192,92677;
64,192,92677;
320,192,92792;
64,192,92792;
448,192,92792;
192,192,92907;
320,192,92907;
192,192,93023;
448,192,93023;
64,192,93023;
320,192,93138;
192,192,93138;
64,192,93254;
320,192,93254;
448,192,93254;
448,192,93369;
192,192,93369;
192,192,93484;
64,192,93484;
320,192,93484;
64,192,93600;
320,192,93600;
448,192,93715;
320,192,93715;
192,192,93715;
192,192,93830;
448,192,93830;
192,192,93946;
64,192,93946;
320,192,93946;
320,192,94061;
64,192,94061;
448,192,94061;
64,192,94177;
448,192,94177;
320,192,94177;
448,192,94292;
320,192,94292;
192,192,94292;
64,192,94407;
192,192,94407;
448,192,94407;
320,192,94523;
64,192,94523;
192,192,94638;
448,192,94638;
64,192,94638;
320,192,94754;
192,192,94754;
320,192,94869;
448,192,94869;
64,192,94869;
320,192,94984;
448,192,94984;
192,192,94984;
192,192,95100;
64,192,95100;
448,192,95100;
192,192,95215;
64,192,95215;
320,192,95273;
448,192,95273;
192,192,95330;
64,192,95330;
320,192,95446;
448,192,95446;
64,192,95446;
192,192,95561;
320,192,95561;
448,192,95561;
192,192,95677;
64,192,95677;
448,192,95677;
320,192,95792;
448,192,95792;
64,192,95850;
192,192,95850;
320,192,95907;
448,192,95907;
192,192,95965;
64,192,95965;
320,192,96023;
448,192,96023;
64,192,96254;
448,192,96484;
320,192,96715;
192,192,96946;
64,192,96946;
448,192,96946;
320,192,97177;
192,192,97292;
64,192,97292;
448,192,97292;
192,192,97638;
64,192,97638;
448,192,97638;
192,192,97754;
320,192,97869;
448,192,97869;
64,192,97869;
320,192,97984;
64,192,98100;
448,192,98215;
192,192,98330;
320,192,98446;
64,192,98561;
448,192,98677;
192,192,98792;
64,192,98792;
320,192,98792;
192,192,99023;
320,192,99138;
448,192,99138;
64,192,99138;
192,192,99369;
64,192,99369;
320,192,99484;
448,192,99484;
64,192,99484;
192,192,99600;
448,192,99715;
64,192,99715;
320,192,99715;
448,192,99946;
320,192,100061;
64,192,100177;
192,192,100177;
448,192,100177;
320,192,100292;
64,192,100407;
192,192,100523;
320,192,100638;
448,192,100638;
64,192,100638;
192,192,100754;
448,192,100869;
320,192,100869;
320,192,100984;
448,192,100984;
64,192,101100;
448,192,101100;
192,192,101100;
64,192,101215;
192,192,101330;
448,192,101330;
320,192,101330;
448,192,101446;
192,192,101561;
64,192,101561;
320,192,101561;
192,192,101677;
448,192,101792;
64,192,101907;
192,192,102023;
448,192,102023;
320,192,102023;
320,192,102138;
192,192,102254;
448,192,102369;
64,192,102369;
64,192,102600;
192,192,102600;
320,192,102830;
64,192,102946;
192,192,102960;
320,192,102975;
448,192,102989;
192,192,103177;
64,192,103177;
448,192,103177;
320,192,103407;
448,192,103407;
192,192,103407;
448,192,103638;
64,192,103638;
320,192,103638;
448,192,103754;
192,192,103869;
64,192,103869;
320,192,103869;
192,192,103984;
448,192,104100;
64,192,104100;
320,192,104100;
320,192,104215;
64,192,104330;
192,192,104330;
320,192,104330;
64,192,104446;
320,192,104561;
448,192,104561;
192,192,104561;
320,192,104677;
192,192,104792;
64,192,104792;
448,192,104792;
192,192,104907;
320,192,105023;
448,192,105023;
64,192,105023;
320,192,105138;
448,192,105138;
64,192,105138;
448,192,105254;
320,192,105254;
192,192,105254;
64,192,105369;
64,192,105484;
320,192,105484;
192,192,105484;
448,192,105600;
320,192,105715;
448,192,105715;
192,192,105715;
64,192,105830;
192,192,105946;
320,192,105946;
64,192,105946;
192,192,106061;
448,192,106177;
320,192,106177;
64,192,106177;
448,192,106292;
64,192,106407;
448,192,106407;
192,192,106407;
320,192,106523;
192,192,106638;
64,192,106638;
320,192,106638;
64,192,106754;
64,192,106869;
448,192,106869;
320,192,106869;
192,192,106984;
320,192,106984;
448,192,106984;
192,192,107100;
448,192,107100;
64,192,107100;
64,192,107215;
192,192,107215;
448,192,107215;
64,192,107330;
448,192,107330;
320,192,107330;
64,192,107446;
192,192,107561;
320,192,107561;
448,192,107561;
192,192,107677;
320,192,107792;
64,192,107792;
448,192,107792;
448,192,107907;
320,192,108023;
64,192,108023;
192,192,108023;
192,192,108138;
320,192,108254;
448,192,108254;
64,192,108254;
320,192,108369;
64,192,108484;
448,192,108484;
192,192,108484;
64,192,108600;
192,192,108715;
448,192,108715;
320,192,108715;
192,192,108830;
320,192,108830;
448,192,108830;
320,192,108946;
64,192,108946;
448,192,108946;
64,192,109061;
64,192,109177;
192,192,109177;
320,192,109177;
448,192,109292;
64,192,109407;
448,192,109407;
320,192,109407;
64,192,109523;
192,192,109638;
320,192,109638;
448,192,109638;
448,192,109754;
320,192,109869;
448,192,109869;
64,192,109869;
320,192,109984;
192,192,110100;
64,192,110100;
320,192,110100;
64,192,110215;
64,192,110330;
192,192,110330;
448,192,110330;
192,192,110446;
320,192,110446;
64,192,110561;
320,192,110561;
448,192,110561;
320,192,110677;
448,192,110677;
64,192,110677;
192,192,110792;
64,192,110792;
448,192,110792;
320,192,111023;
64,192,111023;
192,192,111254;
320,192,111254;
448,192,111254;
320,192,111484;
448,192,111484;
192,192,111542;
64,192,111600;
320,192,111657;
192,192,111715;
64,192,111715;
192,192,111830;
64,192,111830;
448,192,111946;
320,192,111946;
192,192,112061;
64,192,112061;
64,192,112177;
320,192,112177;
192,192,112177;
192,192,112292;
448,192,112292;
320,192,112407;
448,192,112407;
192,192,112523;
64,192,112523;
320,192,112638;
448,192,112638;
192,192,112754;
64,192,112869;
448,192,112869;
320,192,112984;
192,192,113100;
64,192,113100;
448,192,113100;
320,192,113215;
64,192,113215;
192,192,113330;
320,192,113330;
192,192,113446;
448,192,113446;
320,192,113561;
448,192,113561;
192,192,113677;
64,192,113677;
448,192,113677;
64,192,113792;
320,192,113792;
320,192,113907;
192,192,113907;
320,192,114023;
448,192,114023;
64,192,114023;
192,192,114254;
448,192,114254;
64,192,114254;
320,192,114484;
448,192,114484;
192,192,114600;
64,192,114715;
448,192,114715;
64,192,114830;
192,192,114830;
64,192,114946;
448,192,114946;
320,192,114946;
320,192,115061;
192,192,115177;
64,192,115177;
448,192,115292;
320,192,115292;
192,192,115350;
64,192,115350;
320,192,115407;
448,192,115407;
64,192,115465;
192,192,115523;
320,192,115580;
64,192,115638;
192,192,115696;
448,192,115754;
320,192,115754;
64,192,115811;
192,192,115811;
320,192,115869;
448,192,115869;
192,192,115984;
64,192,115984;
320,192,116100;
448,192,116100;
64,192,116100;
192,192,116215;
448,192,116215;
192,192,116330;
64,192,116330;
320,192,116330;
64,192,116446;
320,192,116561;
448,192,116561;
64,192,116677;
192,192,116677;
448,192,116792;
320,192,116792;
64,192,116792;
448,192,116907;
320,192,117023;
448,192,117023;
64,192,117023;
192,192,117138;
192,192,117254;
64,192,117254;
320,192,117369;
448,192,117369;
192,192,117427;
64,192,117484;
448,192,117484;
320,192,117542;
192,192,117600;
64,192,117600;
320,192,117657;
448,192,117657;
64,192,117715;
192,192,117715;
320,192,117830;
448,192,117830;
192,192,117888;
64,192,117888;
320,192,117946;
448,192,117946;
192,192,118061;
64,192,118061;
320,192,118177;
64,192,118177;
448,192,118177;
320,192,118292;
192,192,118407;
64,192,118407;
448,192,118407;
192,192,118523;
448,192,118638;
320,192,118638;
64,192,118638;
448,192,118754;
448,192,118869;
192,192,118869;
64,192,118869;
320,192,118984;
320,192,119100;
448,192,119100;
64,192,119100;
192,192,119215;
192,192,119330;
64,192,119330;
320,192,119330;
448,192,119446;
320,192,119561;
192,192,119561;
448,192,119561;
320,192,119677;
448,192,119677;
64,192,119677;
192,192,119792;
64,192,119792;
320,192,119792;
448,192,119907;
192,192,119907;
64,192,119907;
320,192,120023;
64,192,120023;
448,192,120023;
320,192,120138;
320,192,120254;
192,192,120254;
64,192,120254;
192,192,120369;
192,192,120484;
64,192,120484;
448,192,120484;
448,192,120600;
448,192,120715;
320,192,120715;
192,192,120715;
320,192,120830;
64,192,120946;
192,192,120946;
448,192,120946;
192,192,121061;
448,192,121177;
64,192,121177;
320,192,121177;
64,192,121292;
320,192,121407;
192,192,121407;
64,192,121407;
320,192,121523;
192,192,121523;
448,192,121523;
448,192,121638;
320,192,121638;
64,192,121638;
448,192,121754;
192,192,121754;
64,192,121754;
64,192,121869;
448,192,121869;
192,192,121869;
320,192,121984;
192,192,121984;
320,192,122100;
64,192,122100;
448,192,122100;
192,192,122215;
448,192,122215;
192,192,122330;
64,192,122330;
320,192,122330;
192,192,122446;
64,192,122446;
320,192,122561;
64,192,122561;
448,192,122561;
192,192,122677;
448,192,122677;
320,192,122792;
448,192,122792;
192,192,122792;
320,192,122907;
64,192,122907;
192,192,123023;
64,192,123023;
448,192,123023;
64,192,123138;
192,192,123138;
320,192,123254;
192,192,123254;
448,192,123254;
320,192,123369;
448,192,123369;
448,192,123484;
192,192,123484;
64,192,123484;
320,192,123600;
192,192,123600;
320,192,123715;
448,192,123715;
64,192,123715;
192,192,123830;
448,192,123830;
320,192,123946;
192,192,123946;
64,192,123946;
64,192,124061;
320,192,124061;
192,192,124177;
64,192,124177;
320,192,124234;
448,192,124234;
192,192,124292;
64,192,124292;
320,192,124350;
448,192,124350;
192,192,124407;
64,192,124407;
320,192,124465;
448,192,124465;
192,192,124523;
64,192,124523;
320,192,124580;
448,192,124580;
192,192,124638;
64,192,124638;
320,192,124696;
448,192,124754;
64,192,124754;
192,192,124811;
320,192,124869;
448,192,124869;
448,192,125100;
320,192,125114;
192,192,125129;
64,192,125143;
64,192,125330;
192,192,125345;
320,192,125359;
448,192,125374;
64,192,125561;
192,192,125561;
320,192,125561;
64,192,125677;
192,192,125677;
320,192,125792;
448,192,125792;
64,192,125792;
192,192,125907;
448,192,125907;
320,192,126023;
192,192,126023;
448,192,126023;
64,192,126138;
320,192,126138;
192,192,126254;
64,192,126254;
448,192,126254;
320,192,126369;
448,192,126369;
320,192,126484;
448,192,126484;
64,192,126484;
192,192,126600;
320,192,126600;
64,192,126715;
192,192,126715;
448,192,126715;
64,192,126830;
320,192,126830;
192,192,126946;
320,192,126946;
448,192,126946;
192,192,127061;
448,192,127061;
192,192,127177;
320,192,127177;
64,192,127177;
64,192,127292;
320,192,127292;
192,192,127292;
320,192,127407;
448,192,127407;
64,192,127407;
64,192,127523;
192,192,127523;
448,192,127523;
320,192,127638;
448,192,127638;
192,192,127638;
320,192,127754;
448,192,127754;
192,192,127869;
64,192,127869;
320,192,127869;
64,192,127984;
192,192,127984;
64,192,128100;
320,192,128100;
448,192,128100;
192,192,128215;
448,192,128215;
192,192,128330;
320,192,128330;
448,192,128330;
320,192,128446;
64,192,128446;
64,192,128561;
192,192,128561;
320,192,128561;
192,192,128677;
448,192,128677;
320,192,128792;
448,192,128792;
192,192,128792;
320,192,128907;
448,192,128907;
64,192,128907;
192,192,129023;
64,192,129023;
320,192,129023;
192,192,129138;
64,192,129138;
448,192,129138;
64,192,129254;
320,192,129254;
448,192,129254;
192,192,129369;
320,192,129369;
192,192,129484;
64,192,129484;
448,192,129484;
320,192,129600;
64,192,129600;
64,192,129715;
192,192,129715;
448,192,129715;
192,192,129830;
320,192,129830;
320,192,129946;
448,192,129946;
64,192,129946;
192,192,130061;
448,192,130061;
320,192,130177;
192,192,130177;
448,192,130177;
64,192,130292;
320,192,130292;
64,192,130407;
192,192,130407;
320,192,130407;
64,192,130523;
192,192,130523;
64,192,130638;
192,192,130638;
448,192,130638;
192,192,130754;
320,192,130754;
320,192,130869;
448,192,130869;
64,192,130869;
320,192,130984;
448,192,130984;
192,192,130984;
192,192,131100;
448,192,131100;
64,192,131100;
64,192,131215;
192,192,131215;
448,192,131215;
320,192,131330;
192,192,131330;
64,192,131330;
448,192,131446;
64,192,131446;
448,192,131561;
192,192,131561;
320,192,131561;
448,192,131677;
320,192,131677;
320,192,131792;
64,192,131792;
448,192,131792;
192,192,131907;
64,192,131907;
192,192,132023;
64,192,132023;
320,192,132023;
320,192,132138;
64,192,132138;
320,192,132254;
448,192,132254;
192,192,132254;
192,192,132369;
448,192,132369;
320,192,132484;
448,192,132484;
64,192,132484;
192,192,132600;
64,192,132600;
320,192,132600;
192,192,132715;
64,192,132715;
320,192,132773;
448,192,132773;
192,192,132830;
64,192,132830;
320,192,132888;
448,192,132888;
192,192,132946;
64,192,132946;
64,192,133061;
320,192,133061;
192,192,133177;
320,192,133177;
448,192,133177;
192,192,133292;
448,192,133292;
320,192,133407;
448,192,133407;
64,192,133407;
192,192,133523;
320,192,133523;
64,192,133638;
192,192,133638;
448,192,133638;
320,192,133754;
448,192,133754;
192,192,133869;
320,192,133869;
448,192,133869;
192,192,133984;
64,192,133984;
64,192,134100;
192,192,134100;
320,192,134100;
64,192,134215;
320,192,134215;
192,192,134330;
320,192,134330;
448,192,134330;
320,192,134446;
448,192,134446;
192,192,134561;
448,192,134561;
64,192,134561;
192,192,134677;
64,192,134677;
320,192,134677;
64,192,134792;
192,192,134792;
320,192,134792;
320,192,134907;
448,192,134907;
192,192,134907;
320,192,135023;
64,192,135023;
448,192,135023;
192,192,135138;
448,192,135138;
320,192,135254;
448,192,135254;
192,192,135254;
320,192,135369;
64,192,135369;
192,192,135484;
64,192,135484;
448,192,135484;
448,192,135600;
192,192,135600;
320,192,135600;
64,192,135715;
320,192,135715;
448,192,135715;
320,192,135830;
448,192,135830;
192,192,135946;
64,192,135946;
320,192,135946;
192,192,136061;
64,192,136061;
64,192,136177;
192,192,136177;
448,192,136177;
320,192,136292;
64,192,136292;
448,192,136292;
320,192,136407;
448,192,136407;
192,192,136407;
320,192,136523;
448,192,136523;
192,192,136523;
192,192,136638;
64,192,136638;
320,192,136638;
448,192,136638;
64,192,136754;
64,192,136869;
192,192,136869;
320,192,136869;
448,192,136869;
448,192,136984;
320,192,137100;
448,192,137100;
192,192,137100;
64,192,137100;
192,192,137215;
64,192,137330;
192,192,137330;
320,192,137330;
448,192,137330;
320,192,137446;
320,192,137561;
448,192,137561;
192,192,137561;
64,192,137561;
64,192,137677;
64,192,137792;
192,192,137792;
320,192,137792;
448,192,137792;
448,192,137907;
448,192,138023;
320,192,138023;
192,192,138023;
64,192,138023;
320,192,138138;
320,192,138254;
448,192,138254;
192,192,138254;
64,192,138254;
192,192,138369;
64,192,138369;
448,192,138369;
64,192,138484;
192,192,138484;
320,192,138484;
64,192,138600;
320,192,138600;
448,192,138600;
320,192,138715;
448,192,138715;
192,192,138715;
192,192,138830;
448,192,138830;
320,192,138946;
192,192,138946;
64,192,138946;
64,192,139061;
320,192,139061;
192,192,139177;
64,192,139177;
448,192,139177;
320,192,139292;
448,192,139292;
64,192,139407;
192,192,139407;
448,192,139465;
320,192,139465;
192,192,139523;
64,192,139523;
192,192,139638;
320,192,139638;
64,192,139638;
448,192,139754;
320,192,139754;
64,192,139754;
320,192,139869;
448,192,139869;
64,192,139927;
192,192,139927;
320,192,139984;
448,192,139984;
192,192,140100;
64,192,140100;
320,192,140157;
448,192,140157;
192,192,140215;
64,192,140215;
320,192,140273;
448,192,140273;
192,192,140330;
64,192,140330;
448,192,140446;
320,192,140446;
320,192,140561;
448,192,140561;
192,192,140561;
320,192,140677;
64,192,140677;
64,192,140792;
192,192,140792;
448,192,140792;
192,192,140907;
320,192,140907;
320,192,141023;
448,192,141023;
64,192,141023;
64,192,141138;
192,192,141138;
448,192,141254;
64,192,141254;
192,192,141254;
320,192,141369;
448,192,141369;
320,192,141484;
448,192,141484;
64,192,141484;
192,192,141600;
320,192,141600;
64,192,141715;
192,192,141715;
448,192,141715;
64,192,141830;
320,192,141830;
192,192,141946;
320,192,141946;
448,192,141946;
320,192,142061;
448,192,142061;
64,192,142061;
192,192,142177;
64,192,142177;
448,192,142177;
64,192,142292;
192,192,142292;
320,192,142407;
448,192,142407;
192,192,142407;
64,192,142523;
448,192,142523;
320,192,142638;
448,192,142638;
192,192,142638;
320,192,142754;
192,192,142754;
192,192,142869;
64,192,142869;
448,192,142869;
64,192,142984;
320,192,142984;
192,192,143100;
320,192,143100;
448,192,143100;
192,192,143215;
448,192,143215;
320,192,143330;
448,192,143330;
64,192,143330;
192,192,143446;
64,192,143446;
64,192,143561;
192,192,143561;
320,192,143561;
192,192,143677;
448,192,143677;
320,192,143792;
448,192,143792;
64,192,143792;
320,192,143907;
448,192,143907;
192,192,143907;
320,192,144023;
192,192,144023;
64,192,144023;
64,192,144138;
192,192,144138;
448,192,144138;
320,192,144254;
448,192,144254;
64,192,144254;
192,192,144369;
448,192,144369;
192,192,144484;
64,192,144484;
320,192,144484;
64,192,144600;
192,192,144600;
192,192,144715;
448,192,144715;
64,192,144715;
448,192,144830;
320,192,144830;
320,192,144946;
64,192,144946;
448,192,144946;
192,192,145061;
320,192,145061;
192,192,145177;
448,192,145177;
64,192,145177;
192,192,145292;
64,192,145292;
320,192,145407;
448,192,145407;
64,192,145407;
448,192,145523;
320,192,145523;
192,192,145638;
64,192,145638;
448,192,145638;
192,192,145754;
64,192,145754;
320,192,145754;
192,192,145869;
320,192,145869;
448,192,145869;
320,192,145984;
448,192,145984;
448,192,146100;
64,192,146100;
192,192,146100;
64,192,146215;
320,192,146215;
192,192,146330;
64,192,146330;
320,192,146330;
192,192,146446;
448,192,146446;
192,192,146561;
320,192,146561;
448,192,146561;
320,192,146677;
448,192,146677;
192,192,146792;
64,192,146792;
320,192,146792;
64,192,146907;
192,192,146907;
64,192,147023;
320,192,147023;
448,192,147023;
192,192,147138;
448,192,147138;
320,192,147254;
448,192,147254;
64,192,147254;
192,192,147369;
320,192,147369;
448,192,147369;
192,192,147484;
64,192,147484;
320,192,147484;
192,192,147600;
64,192,147600;
448,192,147600;
64,192,147715;
192,192,147715;
320,192,147715;
448,192,147715;
320,192,147830;
448,192,147830;
320,192,147946;
448,192,147946;
64,192,147946;
192,192,148061;
64,192,148061;
64,192,148177;
192,192,148177;
320,192,148177;
448,192,148177;
192,192,148292;
448,192,148292;
320,192,148407;
448,192,148407;
64,192,148407;
192,192,148523;
64,192,148523;
320,192,148638;
448,192,148638;
192,192,148638;
64,192,148638;
320,192,148754;
448,192,148754;
320,192,148869;
448,192,148869;
64,192,148869;
192,192,148984;
64,192,148984;
64,192,149100;
192,192,149100;
320,192,149100;
448,192,149100;
320,192,149215;
448,192,149215;
64,192,149330;
448,192,149330;
192,192,149330;
192,192,149446;
64,192,149446;
320,192,149446;
64,192,149561;
192,192,149561;
320,192,149561;
448,192,149561;
320,192,149677;
448,192,149677;
192,192,149792;
64,192,149792;
448,192,149792;
320,192,149907;
64,192,149907;
64,192,150023;
192,192,150023;
320,192,150023;
448,192,150023;
192,192,150138;
448,192,150138;
320,192,150254;
448,192,150254;
64,192,150254;
192,192,150369;
64,192,150369;
64,192,150484;
192,192,150484;
320,192,150484;
448,192,150484;
320,192,150600;
448,192,150600;
192,192,150715;
320,192,150715;
448,192,150715;
64,192,150830;
448,192,150830;
320,192,150946;
448,192,150946;
192,192,150946;
64,192,150946;
192,192,151061;
64,192,151061;
320,192,151177;
448,192,151177;
64,192,151177;
320,192,151292;
448,192,151292;
192,192,151292;
64,192,151407;
192,192,151407;
320,192,151407;
448,192,151407;
320,192,151523;
64,192,151523;
192,192,151523;
192,192,151638;
64,192,151638;
448,192,151638;
448,192,151754;
320,192,151754;
64,192,151869;
192,192,151869;
320,192,151869;
448,192,151869;
192,192,151984;
64,192,151984;
64,192,152100;
192,192,152100;
320,192,152100;
192,192,152215;
448,192,152215;
64,192,152330;
192,192,152330;
320,192,152330;
448,192,152330;
320,192,152446;
448,192,152446;
320,192,152561;
448,192,152561;
64,192,152561;
192,192,152677;
64,192,152677;
64,192,152792;
192,192,152792;
320,192,152792;
448,192,152792;
320,192,152907;
448,192,152907;
192,192,153023;
448,192,153023;
64,192,153023;
192,192,153138;
64,192,153138;
320,192,153138;
64,192,153254;
192,192,153254;
320,192,153254;
448,192,153254;
192,192,153369;
448,192,153369;
320,192,153484;
448,192,153484;
64,192,153484;
192,192,153600;
320,192,153600;
64,192,153715;
192,192,153715;
320,192,153715;
448,192,153715;
64,192,153830;
448,192,153830;
64,192,153946;
192,192,153946;
320,192,153946;
192,192,154061;
448,192,154061;
64,192,154177;
192,192,154177;
320,192,154177;
448,192,154177;
320,192,154292;
448,192,154292;
192,192,154407;
64,192,154407;
320,192,154407;
192,192,154523;
64,192,154523;
64,192,154638;
192,192,154638;
320,192,154638;
448,192,154638;
320,192,154754;
448,192,154754;
64,192,154754;
192,192,154869;
320,192,154869;
448,192,154869;
192,192,154984;
64,192,154984;
448,192,154984;
64,192,155100;
192,192,155100;
320,192,155100;
448,192,155100;
320,192,155330;
448,192,155330;
192,192,155446;
64,192,155446;
448,192,155561;
320,192,155561;
192,192,155561;
64,192,155561;
320,192,155792;
448,192,155792;
192,192,155792;
64,192,155792;
448,192,156023;
192,192,156484;
64,192,156946;
448,192,156946;
320,192,157177;
192,192,157292;
64,192,157407;
448,192,157638;
192,192,157754;
320,192,157984;
64,192,158215;
320,192,158330;
448,192,158330;
192,192,158561;
192,192,158792;
64,192,158792;
320,192,159023;
448,192,159023;
64,192,159138;
448,192,159138;
192,192,159254;
64,192,159254;
320,192,159484;
448,192,159600;
64,192,159600;
192,192,159830;
448,192,159946;
64,192,160061;
320,192,160177;
64,192,160292;
448,192,160407;
192,192,160638;
64,192,160638;
448,192,160869;
320,192,160869;
192,192,161100;
320,192,161100;
192,192,161330;
64,192,161330;
64,192,161561;
448,192,161561;
320,192,161907;
448,192,161907;
192,192,162254;
64,192,162254;
448,192,162484;
192,192,162484;
448,192,162715;
64,192,162715;
192,192,162830;
320,192,162830;
64,192,162946;
448,192,162946;
320,192,163177;
448,192,163177;
192,192,163292;
64,192,163292;
448,192,163523;
64,192,163523;
320,192,163638;
192,192,163754;
64,192,163754;
320,192,163869;
448,192,163869;
192,192,163984;
320,192,164100;
448,192,164100;
64,192,164100;
192,192,164215;
320,192,164330;
192,192,164330;
64,192,164330;
448,192,164446;
448,192,164561;
320,192,164677;
448,192,164677;
192,192,164792;
64,192,164792;
320,192,164792;
64,192,164907;
64,192,165023;
192,192,165023;
448,192,165023;
192,192,165138;
448,192,165138;
320,192,165254;
448,192,165254;
320,192,165369;
64,192,165369;
64,192,165484;
192,192,165484;
64,192,165600;
320,192,165715;
448,192,165715;
192,192,165715;
320,192,165830;
64,192,165946;
192,192,165946;
448,192,165946;
64,192,166061;
192,192,166061;
448,192,166061;
320,192,166177;
448,192,166177;
64,192,166177;
320,192,166292;
320,192,166407;
64,192,166523;
192,192,166523;
320,192,166638;
448,192,166638;
64,192,166638;
448,192,166754;
192,192,166869;
64,192,166869;
320,192,166869;
448,192,166984;
64,192,166984;
448,192,167100;
320,192,167100;
320,192,167215;
64,192,167215;
64,192,167330;
192,192,167330;
192,192,167446;
320,192,167561;
448,192,167561;
64,192,167561;
320,192,167677;
64,192,167792;
448,192,167792;
192,192,167907;
320,192,168023;
448,192,168023;
64,192,168023;
448,192,168138;
448,192,168254;
192,192,168254;
64,192,168369;
192,192,168369;
320,192,168484;
448,192,168484;
64,192,168484;
192,192,168600;
192,192,168715;
64,192,168715;
320,192,168715;
64,192,168830;
320,192,168830;
320,192,168946;
448,192,168946;
448,192,169061;
192,192,169061;
192,192,169177;
64,192,169177;
320,192,169292;
320,192,169407;
448,192,169407;
64,192,169407;
192,192,169638;
64,192,169638;
320,192,169638;
192,192,169869;
448,192,169869;
64,192,169869;
448,192,169984;
448,192,170100;
320,192,170215;
192,192,170215;
64,192,170330;
448,192,170330;
192,192,170330;
64,192,170446;
192,192,170561;
320,192,170561;
448,192,170561;
448,192,170677;
64,192,170677;
64,192,170792;
192,192,170792;
448,192,170907;
192,192,170907;
320,192,171023;
448,192,171023;
320,192,171138;
64,192,171254;
192,192,171254;
320,192,171254;
448,192,171254;
192,192,171484;
64,192,171715;
320,192,172177;
448,192,172177;
192,192,172254;
64,192,172254;
448,192,172330;
320,192,172330;
64,192,172407;
192,192,172407;
320,192,172484;
448,192,172484;
64,192,172561;
192,192,172561;
320,192,172638;
448,192,172638;
192,192,172754;
448,192,172754;
320,192,172869;
64,192,172869;
192,192,172869;
320,192,172984;
64,192,172984;
320,192,173100;
192,192,173100;
448,192,173100;
192,192,173215;
448,192,173215;
192,192,173330;
64,192,173330;
448,192,173330;
320,192,173446;
64,192,173446;
320,192,173561;
192,192,173561;
448,192,173561;
320,192,173677;
448,192,173677;
192,192,173792;
64,192,173792;
448,192,173792;
192,192,173907;
64,192,173907;
320,192,174023;
64,192,174023;
448,192,174023;
192,192,174138;
64,192,174138;
448,192,174254;
320,192,174254;
192,192,174254;
320,192,174369;
448,192,174369;
192,192,174369;
320,192,174484;
448,192,174484;
64,192,174484;
192,192,174600;
64,192,174600;
320,192,174600;
192,192,174715;
64,192,174715;
448,192,174715;
64,192,174830;
192,192,174830;
320,192,174946;
448,192,174946;
192,192,174946;
448,192,175061;
320,192,175061;
192,192,175177;
64,192,175177;
448,192,175177;
320,192,175292;
64,192,175292;
192,192,175407;
64,192,175407;
320,192,175407;
192,192,175523;
448,192,175523;
448,192,175638;
320,192,175638;
192,192,175638;
320,192,175754;
64,192,175754;
192,192,175869;
64,192,175869;
320,192,175869;
192,192,175984;
64,192,175984;
448,192,175984;
320,192,176100;
448,192,176100;
192,192,176100;
320,192,176215;
448,192,176215;
192,192,176330;
64,192,176330;
320,192,176330;
192,192,176446;
64,192,176446;
320,192,176561;
448,192,176561;
64,192,176561;
320,192,176677;
448,192,176677;
448,192,176792;
320,192,176792;
192,192,176792;
64,192,176907;
320,192,176907;
448,192,177023;
192,192,177023;
64,192,177023;
320,192,177138;
192,192,177138;
320,192,177254;
64,192,177254;
448,192,177254;
448,192,177369;
192,192,177369;
320,192,177484;
192,192,177484;
448,192,177484;
320,192,177600;
64,192,177600;
64,192,177715;
448,192,177715;
192,192,177715;
192,192,177830;
64,192,177830;
192,192,177946;
64,192,177946;
448,192,177946;
320,192,178061;
448,192,178061;
192,192,178061;
448,192,178177;
320,192,178177;
64,192,178177;
320,192,178292;
192,192,178292;
192,192,178407;
64,192,178407;
448,192,178407;
448,192,178523;
64,192,178523;
448,192,178638;
64,192,178638;
192,192,178638;
448,192,178754;
320,192,178754;
320,192,178869;
64,192,178869;
448,192,178869;
320,192,178984;
192,192,178984;
192,192,179100;
64,192,179100;
448,192,179100;
64,192,179215;
192,192,179215;
320,192,179330;
448,192,179330;
64,192,179330;
448,192,179446;
192,192,179446;
320,192,179561;
448,192,179561;
192,192,179561;
320,192,179677;
64,192,179677;
192,192,179792;
64,192,179792;
320,192,179850;
448,192,179850;
192,192,179907;
64,192,179907;
320,192,179965;
448,192,179965;
192,192,180023;
64,192,180023;
320,192,180138;
64,192,180138;
320,192,180254;
448,192,180254;
192,192,180254;
320,192,180369;
448,192,180369;
448,192,180484;
64,192,180484;
192,192,180484;
320,192,180600;
192,192,180600;
320,192,180715;
448,192,180715;
64,192,180715;
448,192,180830;
192,192,180830;
192,192,180946;
64,192,180946;
320,192,180946;
64,192,181061;
192,192,181061;
64,192,181177;
448,192,181177;
320,192,181177;
320,192,181292;
192,192,181292;
192,192,181407;
64,192,181407;
448,192,181407;
320,192,181523;
448,192,181523;
448,192,181638;
320,192,181638;
64,192,181638;
192,192,181754;
64,192,181754;
320,192,181754;
448,192,181869;
192,192,181869;
64,192,181869;
448,192,181984;
192,192,181984;
64,192,181984;
320,192,182100;
448,192,182100;
192,192,182100;
320,192,182215;
64,192,182215;
320,192,182330;
192,192,182330;
64,192,182330;
192,192,182446;
448,192,182446;
448,192,182561;
320,192,182561;
64,192,182561;
192,192,182677;
64,192,182677;
192,192,182792;
64,192,182792;
448,192,182792;
320,192,182907;
192,192,182907;
320,192,183023;
448,192,183023;
64,192,183023;
448,192,183138;
320,192,183138;
448,192,183254;
192,192,183254;
64,192,183254;
320,192,183369;
64,192,183369;
192,192,183369;
192,192,183484;
64,192,183484;
320,192,183484;
64,192,183600;
448,192,183600;
320,192,183715;
448,192,183715;
192,192,183715;
64,192,183715;
192,192,183830;
320,192,183946;
448,192,183946;
64,192,183946;
192,192,183946;
448,192,184061;
448,192,184177;
320,192,184177;
64,192,184177;
192,192,184177;
320,192,184292;
320,192,184407;
448,192,184407;
192,192,184407;
64,192,184407;
64,192,184523;
64,192,184638;
192,192,184638;
320,192,184638;
448,192,184638;
192,192,184754;
64,192,184869;
192,192,184869;
320,192,184869;
448,192,184869;
448,192,184984;
320,192,185100;
448,192,185100;
64,192,185100;
192,192,185100;
320,192,185215;
192,192,185330;
64,192,185330;
448,192,185330;
192,192,185446;
64,192,185446;
320,192,185446;
448,192,185561;
64,192,185561;
320,192,185561;
192,192,185677;
320,192,185677;
448,192,185677;
320,192,185792;
448,192,185792;
192,192,185792;
64,192,185907;
192,192,185907;
448,192,185907;
192,192,186023;
320,192,186023;
64,192,186023;
64,192,186138;
320,192,186138;
448,192,186138;
192,192,186254;
64,192,186254;
320,192,186254;
192,192,186369;
320,192,186369;
448,192,186369;
320,192,186484;
448,192,186484;
192,192,186542;
64,192,186542;
320,192,186600;
448,192,186600;
192,192,186715;
64,192,186715;
448,192,186715;
64,192,186830;
192,192,186830;
320,192,186830;
192,192,186946;
320,192,186946;
448,192,186946;
320,192,187061;
448,192,187061;
64,192,187061;
192,192,187177;
64,192,187177;
320,192,187234;
448,192,187234;
192,192,187292;
64,192,187292;
320,192,187350;
448,192,187350;
192,192,187407;
64,192,187407;
64,192,187523;
320,192,187523;
448,192,187638;
320,192,187638;
192,192,187638;
320,192,187754;
448,192,187754;
192,192,187869;
64,192,187869;
448,192,187869;
192,192,187984;
320,192,187984;
320,192,188100;
448,192,188100;
64,192,188100;
448,192,188215;
192,192,188215;
320,192,188330;
192,192,188330;
64,192,188330;
320,192,188446;
64,192,188446;
192,192,188561;
320,192,188561;
448,192,188561;
64,192,188677;
448,192,188677;
320,192,188792;
192,192,188792;
64,192,188792;
448,192,188907;
192,192,188907;
320,192,189023;
64,192,189023;
448,192,189023;
448,192,189138;
320,192,189138;
192,192,189138;
192,192,189254;
64,192,189254;
448,192,189254;
320,192,189369;
192,192,189369;
64,192,189369;
320,192,189484;
64,192,189484;
448,192,189484;
448,192,189600;
192,192,189600;
64,192,189715;
320,192,189715;
448,192,189715;
320,192,189830;
192,192,189830;
448,192,189946;
64,192,189946;
192,192,189946;
320,192,190061;
64,192,190061;
192,192,190177;
64,192,190177;
320,192,190177;
448,192,190292;
192,192,190292;
448,192,190407;
320,192,190407;
64,192,190407;
192,192,190523;
64,192,190523;
448,192,190638;
192,192,190638;
64,192,190638;
320,192,190754;
192,192,190754;
320,192,190869;
448,192,190869;
64,192,190869;
448,192,190984;
64,192,190984;
320,192,190984;
192,192,191100;
64,192,191100;
448,192,191100;
320,192,191215;
448,192,191215;
320,192,191330;
64,192,191330;
192,192,191330;
192,192,191446;
64,192,191446;
320,192,191561;
64,192,191561;
448,192,191561;
192,192,191677;
320,192,191677;
192,192,191792;
448,192,191792;
64,192,191792;
320,192,191907;
192,192,191907;
64,192,192023;
320,192,192023;
448,192,192023;
448,192,192138;
192,192,192138;
192,192,192254;
64,192,192254;
320,192,192254;
64,192,192369;
320,192,192369;
448,192,192484;
320,192,192484;
192,192,192484;
192,192,192600;
448,192,192600;
192,192,192715;
64,192,192715;
320,192,192715;
320,192,192830;
64,192,192830;
448,192,192830;
64,192,192946;
448,192,192946;
320,192,192946;
448,192,193061;
320,192,193061;
192,192,193061;
64,192,193177;
192,192,193177;
448,192,193177;
320,192,193292;
64,192,193292;
192,192,193407;
448,192,193407;
64,192,193407;
320,192,193523;
192,192,193523;
320,192,193638;
448,192,193638;
64,192,193638;
192,192,193754;
448,192,193754;
64,192,193754;
192,192,193869;
64,192,193869;
448,192,193869;
320,192,193984;
448,192,193984;
192,192,194042;
64,192,194042;
320,192,194100;
448,192,194100;
192,192,194215;
64,192,194215;
448,192,194215;
320,192,194330;
192,192,194330;
64,192,194330;
448,192,194446;
320,192,194446;
64,192,194446;
192,192,194561;
64,192,194561;
320,192,194619;
448,192,194619;
192,192,194677;
64,192,194677;
320,192,194734;
448,192,194734;
192,192,194792;
64,192,194792;
448,192,194907;
320,192,194907;
192,192,194907;
64,192,194907;
320,192,195023;
448,192,195023;
64,192,195023;
192,192,195138;
64,192,195138;
320,192,195138;
448,192,195138;
192,192,195254;
64,192,195254;
448,192,195254;
448,192,195369;
320,192,195369;
192,192,195369;
64,192,195369;
192,192,195484;
320,192,195484;
448,192,195484;
320,192,195600;
192,192,195600;
64,192,195600;
448,192,195600;
192,192,195715;
64,192,195715;
320,192,195715;
192,192,195830;
64,192,195830;
320,192,195830;
448,192,195830;
64,192,195946;
448,192,195946;
320,192,195946;
448,192,196061;
320,192,196061;
192,192,196061;
64,192,196061;
192,192,196177;
64,192,196177;
448,192,196177;
448,192,196292;
320,192,196292;
192,192,196292;
64,192,196292;
320,192,196407;
448,192,196407;
192,192,196407;
64,192,196407;
448,192,196523;
192,192,196523;
64,192,196523;
320,192,196523;
192,192,196638;
64,192,196638;
320,192,196638;
448,192,196638;
448,192,196754;
320,192,196754;
192,192,196754;
64,192,196754;
192,192,196869;
64,192,196869;
320,192,196869;
448,192,196869;
448,192,196984;
320,192,196984;
192,192,196984;
64,192,196984;
320,192,197100;
448,192,197100;
192,192,197100;
448,192,197215;
320,192,197215;
192,192,197215;
64,192,197215;
192,192,197330;
64,192,197330;
320,192,197330;
448,192,197446;
320,192,197446;
192,192,197446;
64,192,197446;
448,192,197561;
64,192,197561;
192,192,197561;
448,192,197677;
320,192,197677;
192,192,197677;
64,192,197677;
320,192,197792;
448,192,197792;
64,192,197792;
448,192,197907;
320,192,197907;
192,192,197907;
64,192,197907;
192,192,198023;
64,192,198023;
320,192,198023;
192,192,198138;
64,192,198138;
320,192,198138;
448,192,198138;
64,192,198254;
192,192,198254;
320,192,198254;
448,192,198254;
448,192,198369;
320,192,198369;
64,192,198369;
192,192,198369;
448,192,198484;
320,192,198484;
192,192,198484;
64,192,198484;
448,192,198600;
320,192,198600;
192,192,198600;
64,192,198600;
448,192,198715;
192,192,198715;
320,192,198715;
448,192,198830;
320,192,198830;
192,192,198830;
64,192,198830;
320,192,198946;
448,192,198946;
64,192,198946;
448,192,199061;
320,192,199061;
192,192,199061;
64,192,199061;
192,192,199177;
64,192,199177;
448,192,199177;
448,192,199292;
320,192,199292;
64,192,199292;
192,192,199292;
320,192,199407;
192,192,199407;
64,192,199407;
320,192,199523;
192,192,199523;
64,192,199523;
448,192,199523;
448,192,199638;
320,192,199638;
192,192,199638;
320,192,199754;
192,192,199754;
64,192,199754;
448,192,199754;
448,192,199869;
320,192,199869;
64,192,199869;
448,192,199984;
320,192,199984;
192,192,199984;
64,192,199984;
448,192,200100;
320,192,200129;
192,192,200157;
64,192,200186;
448,192,200215;
320,192,200244;
192,192,200273;
64,192,200302;
320,192,200330;
448,192,200330;
192,192,200446;
448,192,200446;
320,192,200561;
192,192,200561;
64,192,200561;
320,192,200677;
64,192,200677;
192,192,200792;
64,192,200792;
448,192,200792;
320,192,200907;
448,192,200907;
448,192,201023;
320,192,201023;
64,192,201023;
192,192,201138;
64,192,201138;
320,192,201138;
192,192,201254;
64,192,201254;
320,192,201311;
448,192,201311;
192,192,201369;
64,192,201369;
320,192,201484;
448,192,201484;
64,192,201484;
448,192,201600;
320,192,201600;
192,192,201600;
320,192,201715;
192,192,201715;
64,192,201715;
192,192,201830;
64,192,201830;
448,192,201830;
320,192,201946;
192,192,201946;
64,192,201946;
320,192,202061;
448,192,202061;
64,192,202061;
448,192,202177;
320,192,202177;
192,192,202177;
64,192,202177;